160.jpg,1920,1090,drone,1177,559,1329,659